INFO:__main__:Prosess Start!!
INFO:__main__:Prosess 1
INFO:__main__:Prosess 2
INFO:__main__:Prosess 3
INFO:__main__:Prosess 4
DEBUG:__main__:[10.37057923  4.45573018 -0.93527169 -0.09755426  2.51921639  5.6550702
  8.71712061  2.50522123 -5.78663382  0.55522223  2.29589605  0.33681874
  0.46764221 -0.03252987  4.33909834  8.10056183 -1.38672275  1.34527938
 -2.8821297   1.40852872  4.82759771  5.64558727 -0.03706032 -3.30182837
  0.83393207  3.09968017  7.62709139  3.51012199 -4.75022757  0.7048449
  3.07242534  6.6349516   8.17670054  2.6927665  -2.71619703  2.77330033
  4.9011309  -0.18097572  5.00490307  1.2678909   1.63239903]
DEBUG:__main__:[10.37104252  4.4529106  -0.93455208 -0.09589378  2.52049978  5.65627907
  8.71599529  2.50504377 -5.78595463  0.5535237   2.29624392  0.33664588
  0.46765824 -0.03234872  4.3378458   8.09848479 -1.38556859  1.34518196
 -2.88255128  1.41032069  4.82717864  5.64440813 -0.03598722 -3.30258082
  0.83465715  3.09977173  7.62786417  3.51094847 -4.75146037  0.7052788
  3.07436489  6.6333313   8.17691301  2.69363445 -2.71737824  2.77439873
  4.89932986 -0.18253865  5.00492985  1.26817141  1.63330121]
INFO:__main__:Prosess finish!!
